4294967278,303
4294967278,251
4294967278,395
4294967279,427
4294967279,429
4294967279,54
4294967279,450
4294967279,40
4294967279,32
4294967279,449
4294967278,393
4294967294,1434
3144,8
3144,7
3144,6
3144,5
3144,4
3144,3
3144,2
3144,1
4294967279,253
4294967278,279
4294967294,183
4294967279,267
4294967294,1248
3134,6
3134,5
3134,4
3134,3
3134,2
3134,1
3131,5
3131,4
3131,3
3131,2
3131,1
4294967278,399
3130,5
3130,4
3130,3
3130,2
3130,1
3128,6
3128,5
3128,4
3128,3
3128,2
3128,1
4294967279,245
4294967279,243
4294967278,378
3126,5
3126,4
3126,3
3126,2
3126,1
3125,4
3125,3
3125,2
3125,1
3124,5
3124,4
3124,3
3124,2
3124,1
3123,4
3123,3
3123,2
3123,1
3122,4
3122,3
3122,2
3122,1
4294967279,241
3121,6
3121,5
4294967294,1079
3121,4
3121,3
3121,2
3121,1
3120,4
3120,3
3120,2
3120,1
4294967279,239
3119,5
3119,4
3119,3
3119,2
3119,1
3118,4
3118,3
3118,2
3118,1
4294967278,360
4294967278,401
4294967278,391
4294967278,358
4294967279,397
4294967279,306
4294967279,496
4294967279,415
4294967279,232
4294967279,308
4294967279,474
4294967279,11
3117,8
3117,7
3117,6
3117,5
3117,4
3117,2
3117,1
4294967294,1433
3107,6
3107,5
3107,4
3107,3
3107,2
3107,1
4294967278,347
3104,5
3104,4
3104,3
3104,2
3104,1
4294967279,316
4294967279,263
3103,5
3103,4
3103,2
3103,1
4294967278,402
4294967294,406
3101,6
3101,5
3101,4
3101,3
3101,2
3101,1
3099,5
3099,4
3099,3
3099,2
3099,1
3098,4
3098,3
3098,2
3098,1
4294967278,342
3097,5
3097,4
3097,3
3097,2
3097,1
3096,4
3096,3
3096,2
3096,1
3095,4
3095,3
3095,2
3095,1
3094,6
3094,5
3094,4
3094,3
3094,2
3094,1
3093,4
3093,3
3093,2
3093,1
3092,5
3092,4
3092,3
3092,2
3092,1
3091,4
3091,3
3091,2
3091,1
4294967294,1067
4294967294,89
4294967294,186
4294967294,1072
4294967294,167
4294967294,392
4294967278,386
4294967294,1430
4294967279,234
4294967279,133
4294967279,404
4294967279,288
4294967279,473
4294967279,12
4294967279,291
3090,8
3090,7
3090,6
3090,5
3090,4
3090,2
3090,1
4294967279,385
4294967278,338
4294967278,337
4294967294,1152
4294967279,230
4294967279,236
4294967294,1436
4294967279,271
3080,6
3080,5
3080,4
3080,3
3080,2
3080,1
3077,5
3077,4
3077,3
3077,2
3077,1
4294967278,330
3076,5
3076,4
3076,2
3076,1
4294967279,198
3074,6
3074,5
3074,4
3074,3
3074,2
3074,1
3072,5
3072,4
3072,3
3072,2
3072,1
3071,4
3071,3
3071,2
3071,1
3070,5
3070,4
3070,3
3070,2
3070,1
3069,4
3069,3
3069,2
3069,1
3068,4
3068,3
3068,2
3068,1
3067,6
4294967294,388
3067,5
3067,4
3067,3
3067,2
3067,1
3066,4
3066,3
3066,2
3066,1
3065,5
3065,4
3065,3
3065,2
3065,1
3064,4
3064,3
3064,2
3064,1
4294967279,224
4294967279,220
4294967294,387
4294967278,357
4294967278,432
4294967279,226
4294967279,222
4294967279,386
4294967279,510
3063,8
3063,7
3063,6
3063,5
3063,4
3063,2
3063,1
4294967278,356
4294967279,258
4294967279,257
4294967279,445
3053,6
3053,5
3053,4
3053,3
3053,2
3053,1
3050,5
3050,4
3050,3
3050,2
3050,1
3049,5
3049,4
3049,2
3049,1
3047,6
4294967278,320
3047,5
3047,4
3047,3
3047,2
3047,1
4294967278,318
4294967278,316
3045,5
3045,4
3045,3
3045,2
3045,1
3044,4
3044,3
3044,2
3044,1
3043,5
3043,4
3043,3
3043,2
3043,1
4294967278,317
3042,4
3042,3
3042,2
3042,1
4294967279,143
3041,4
3041,3
3041,2
3041,1
3040,6
3040,5
3040,4
3040,3
3040,2
3040,1
4294967278,285
3039,4
3039,3
3039,2
3039,1
4294967294,120
3038,5
3038,4
3038,3
3038,2
3038,1
3037,4
3037,3
3037,2
3037,1
0,7
4294967278,290
4294967294,0
4294967294,390
4294967294,389
4294967294,114
4294967294,424
4294967294,29
4294967294,28
4294967294,2
4294967294,107
4294967278,296
4294967278,416
4294967278,339
4294967278,409
4294967279,216
4294967279,218
4294967279,136
4294967279,405
3036,8
3036,7
3036,6
3036,5
3036,4
3036,2
3036,1
4294967278,306
4294967294,509
4294967294,1435
4294967279,431
3026,6
3026,5
3026,4
3026,3
3026,2
3026,1
4294967278,302
4294967279,430
4294967278,196
3023,5
3023,4
3023,3
3023,2
3023,1
4294967294,397
4294967294,1158
4294967279,180
3022,5
3022,4
3022,2
3022,1
4294967294,508
3020,6
4294967279,422
3020,5
3020,4
3020,3
3020,2
3020,1
4294967294,507
3018,5
3018,4
3018,3
3018,2
3018,1
3017,4
3017,3
3017,2
3017,1
4294967294,506
3016,5
3016,4
3016,3
3016,2
3016,1
3015,4
3015,3
3015,2
3015,1
3014,4
3014,3
3014,2
3014,1
3013,6
3013,5
3013,4
3013,3
3013,2
3013,1
3012,4
3012,3
3012,2
3012,1
3011,5
3011,4
3011,3
3011,2
3011,1
4294967294,505
3010,4
3010,3
3010,2
3010,1
4294967278,297
4294967278,295
4294967294,413
4294967294,45
4294967294,1084
4294967294,40
4294967294,38
4294967294,37
4294967294,91
4294967294,90
4294967294,87
4294967294,86
4294967294,85
4294967294,84
4294967294,417
4294967294,1247
4294967294,1245
4294967294,1086
4294967294,53
4294967294,44
4294967294,96
4294967294,94
4294967294,9
4294967279,211
4294967278,282
4294967278,362
4294967278,414
4294967278,340
4294967279,421
4294967279,444
4294967279,426
4294967279,460
4294967279,425
4294967278,224
3009,8
3009,7
3009,6
3009,5
3009,4
3009,2
3009,1
4294967294,504
4294967278,354
4294967278,294
4294967279,419
4294967294,503
2999,6
2999,5
2999,4
2999,3
2999,2
2999,1
2996,5
2996,4
2996,3
2996,2
2996,1
2995,5
2995,4
2995,2
2995,1
4294967294,502
2993,6
4294967279,412
2993,5
2993,4
2993,3
2993,2
2993,1
4294967294,501
2991,5
2991,4
2991,3
2991,2
2991,1
2990,4
2990,3
2990,2
2990,1
4294967294,500
2989,5
2989,4
2989,3
2989,2
2989,1
2988,4
2988,3
2988,2
2988,1
2987,4
2987,3
2987,2
2987,1
4294967294,1426
4294967294,436
2986,6
2986,5
2986,4
2986,3
2986,2
2986,1
2985,4
2985,3
2985,2
2985,1
2984,5
2984,4
2984,3
2984,2
2984,1
4294967294,499
2983,4
2983,3
2983,2
2983,1
4294967294,8
4294967278,250
4294967278,332
4294967278,240
4294967278,413
4294967279,462
4294967279,394
4294967279,34
2982,8
2982,7
2982,6
2982,5
2982,4
2982,2
2982,1
2972,6
2972,5
2972,4
2972,3
2972,2
2972,1
2969,5
2969,4
2969,3
2969,2
2969,1
2968,5
2968,4
2968,2
2968,1
2966,6
2966,5
2966,4
2966,3
2966,2
2966,1
4294967279,390
2964,5
2964,4
2964,3
2964,2
2964,1
2963,4
2963,3
2963,2
2963,1
2962,5
2962,4
2962,3
2962,2
2962,1
2961,4
2961,3
2961,2
2961,1
2960,4
2960,3
2960,2
2960,1
2959,6
2959,5
2959,4
2959,3
2959,2
2959,1
2958,4
2958,3
2958,2
2958,1
2957,5
2957,4
2957,3
2957,2
2957,1
2956,4
2956,3
2956,2
2956,1
4294967294,111
4294967278,2
4294967278,321
2955,8
2955,7
2955,6
2955,5
2955,4
2955,2
2955,1
4294967279,311
4294967294,466
4294967278,335
2945,6
2945,5
2945,4
2945,3
2945,2
2945,1
2942,5
2942,4
2942,3
2942,2
2942,1
2941,5
2941,4
2941,2
2941,1
2939,6
2939,5
2939,4
2939,3
2939,2
2939,1
2937,5
2937,4
2937,3
2937,2
2937,1
2936,4
2936,3
2936,2
2936,1
4294967279,242
2935,5
2935,4
2935,3
2935,2
2935,1
2934,4
2934,3
2934,2
2934,1
2933,4
2933,3
2933,2
2933,1
2932,6
2932,5
2932,4
2932,3
2932,2
2932,1
2931,4
2931,3
2931,2
2931,1
2930,5
2930,4
2930,3
2930,2
2930,1
2929,4
2929,3
2929,2
2929,1
4294967279,305
4294967294,412
4294967294,36
4294967294,39
4294967294,22
4294967294,17
4294967294,42
4294967294,99
4294967294,76
4294967294,41
4294967294,26
903,7
903,5
903,4
903,8
903,6
893,4
893,6
889,4
889,5
893,5
887,4
890,4
890,5
887,6
878,5
880,2
880,6
880,5
880,4
4294967294,51
4294967294,52
878,4
4294967294,81
4294967294,82
4294967294,83
4294967294,11
4294967294,68
4294967278,132
4294967278,131
4294967278,130
4294967278,129
4294967278,128
4294967278,127
4294967278,126
4294967278,125
4294967278,124
4294967278,123
4294967278,122
4294967278,121
4294967278,120
4294967278,119
4294967278,118
4294967278,117
4294967278,116
4294967278,115
4294967278,114
4294967278,113
4294967278,112
4294967278,111
4294967278,110
4294967278,308
4294967278,109
4294967278,108
4294967278,107
4294967278,106
4294967278,105
4294967278,104
4294967278,103
4294967278,102
4294967278,101
4294967278,334
4294967278,99
4294967278,98
4294967278,97
4294967278,96
4294967278,92
4294967278,90
4294967278,174
4294967278,87
4294967278,86
4294967278,382
4294967278,81
4294967278,79
4294967278,78
4294967278,77
4294967278,76
4294967278,74
4294967278,73
4294967278,71
4294967278,67
4294967278,65
4294967278,63
4294967278,62
4294967278,336
4294967279,307
4294967279,400
4294967294,7
4294967294,6
4294967294,5
4294967278,315
2928,8
2928,7
2928,6
2928,5
2928,4
2928,2
2928,1
4294967278,426
4294967279,495
4294967279,155
2918,6
2918,5
2918,4
2918,3
2918,2
2918,1
2915,5
2915,4
2915,3
2915,2
2915,1
4294967294,176
4294967279,237
2914,5
2914,4
2914,2
2914,1
2912,6
4294967278,418
4294967278,211
2912,5
2912,4
2912,3
2912,2
2912,1
4294967278,195
2910,5
2910,4
2910,3
2910,2
2910,1
2909,4
2909,3
2909,2
2909,1
2908,5
2908,4
2908,3
2908,2
2908,1
2907,4
2907,3
2907,2
2907,1
2906,4
2906,3
2906,2
2906,1
2905,6
2905,5
2905,4
2905,3
2905,2
2905,1
2904,4
2904,3
2904,2
2904,1
2903,5
2903,4
2903,3
2903,2
2903,1
2902,4
2902,3
2902,2
2902,1
4294967294,1157
4294967278,100
4294967278,95
4294967278,94
4294967278,93
4294967278,91
4294967278,89
4294967278,85
4294967278,84
4294967278,83
4294967278,349
4294967278,82
4294967278,80
4294967278,75
4294967278,72
4294967278,70
4294967278,69
4294967278,68
4294967278,66
4294967278,64
4294967278,61
4294967278,260
4294967278,0
4294967279,84
4294967279,80
4294967279,77
4294967279,75
4294967279,73
4294967279,68
4294967279,66
4294967279,65
4294967279,63
4294967279,59
4294967279,56
4294967279,53
4294967279,52
4294967279,50
4294967279,44
4294967279,43
4294967279,41
4294967279,39
4294967279,38
4294967279,15
4294967279,5
4294967279,7
2901,8
2901,7
2901,6
2901,5
2901,4
2901,2
2901,1
4294967279,219
4294967278,142
4294967278,258
2891,6
2891,5
2891,4
2891,3
2891,2
2891,1
2888,5
2888,4
2888,3
2888,2
2888,1
2887,5
2887,4
2887,2
2887,1
2885,6
2885,5
2885,4
2885,3
2885,2
2885,1
4294967278,193
2883,5
2883,4
2883,3
2883,2
2883,1
2882,4
2882,3
2882,2
2882,1
2881,5
2881,4
2881,3
2881,2
2881,1
2880,4
4294967278,165
2880,3
2880,2
2880,1
2879,4
2879,3
2879,2
2879,1
4294967278,351
2878,6
2878,5
4294967279,156
2878,4
4294967278,155
2878,3
2878,2
2878,1
4294967279,154
2877,4
2877,3
2877,2
2877,1
2876,5
2876,4
2876,3
2876,2
2876,1
2875,4
2875,3
2875,2
2875,1
4294967278,313
4294967279,457
4294967279,456
4294967279,447
4294967279,255
4294967278,333
4294967278,293
4294967279,446
4294967279,174
4294967279,47
4294967279,414
4294967279,29
4294967279,25
4294967279,24
4294967279,23
4294967279,22
4294967279,9
4294967279,8
4294967279,6
4294967279,4
2874,8
2874,7
2874,6
2874,5
2874,4
2874,2
2874,1
4294967279,478
2864,6
2864,5
2864,4
2864,3
2864,2
2864,1
4294967278,443
4294967294,1077
4294967294,1082
2861,5
2861,4
2861,3
2861,2
2861,1
4294967279,433
4294967278,324
2860,5
2860,4
2860,2
2860,1
2858,6
2858,5
2858,4
2858,3
2858,2
2858,1
2856,5
2856,4
2856,3
2856,2
2856,1
2855,4
2855,3
2855,2
2855,1
2854,5
2854,4
2854,3
2854,2
2854,1
2853,4
2853,3
2853,2
2853,1
2852,4
2852,3
2852,2
2852,1
2851,6
2851,5
2851,4
2851,3
2851,2
2851,1
2850,4
2850,3
2850,2
2850,1
2849,5
2849,4
2849,3
2849,2
2849,1
2848,4
2848,3
2848,2
2848,1
4294967279,464
4294967294,180
4294967279,13
2847,8
2847,7
2847,6
2847,5
2847,4
2847,2
2847,1
4294967278,242
4294967278,268
4294967279,251
4294967279,246
4294967278,243
2837,6
2837,5
2837,4
2837,3
2837,2
2837,1
4294967279,440
4294967279,434
4294967279,212
4294967278,226
4294967279,201
2834,5
4294967279,200
2834,4
2834,3
2834,2
2834,1
4294967294,454
4294967294,109
4294967279,260
4294967294,185
4294967278,187
2833,5
2833,4
2833,2
2833,1
2831,6
2831,5
2831,4
2831,3
2831,2
2831,1
4294967278,218
2829,5
2829,4
2829,3
2829,2
2829,1
4294967278,216
2828,4
2828,3
2828,2
2828,1
2827,5
4294967279,142
2827,4
2827,3
2827,2
2827,1
4294967278,140
2826,4
2826,3
2826,2
2826,1
2825,4
2825,3
2825,2
2825,1
2824,6
2824,5
2824,4
2824,3
2824,2
2824,1
2823,4
2823,3
2823,2
2823,1
2822,5
2822,4
2822,3
2822,2
2822,1
2821,4
2821,3
2821,2
2821,1
2820,8
2820,7
2820,6
2820,5
2820,4
2820,2
2820,1
4294967294,187
4294967294,399
4294967294,449
4294967294,414
4294967294,416
4294967294,190
4294967279,250
4294967279,244
4294967278,227
4294967278,225
4294967279,225
4294967278,223
4294967279,223
4294967279,221
4294967278,88
4294967279,217
4294967279,210
4294967279,209
2810,6
2810,5
4294967279,204
2810,4
2810,3
2810,2
2810,1
2807,5
2807,4
2807,3
2807,2
2807,1
2806,5
2806,4
2806,2
2806,1
2804,6
4294967279,479
2804,5
2804,4
2804,3
2804,2
2804,1
4294967278,150
2802,5
2802,4
2802,3
2802,2
2802,1
2801,4
2801,3
2801,2
2801,1
2800,5
2800,4
2800,3
2800,2
2800,1
2799,4
2799,3
2799,2
2799,1
4294967279,265
2798,4
2798,3
2798,2
2798,1
4294967278,261
4294967278,232
4294967278,421
2797,6
2797,5
2797,4
2797,3
2797,2
2797,1
2796,4
2796,3
2796,2
2796,1
4294967278,390
4294967278,312
4294967279,428
4294967278,309
4294967294,160
2795,5
2795,4
2795,3
2795,2
2795,1
4294967279,252
2794,4
4294967279,248
2794,3
2794,2
2794,1
4294967278,299
4294967278,230
4294967279,411
4294967279,463
4294967279,482
2793,8
2793,7
2793,6
2793,5
2793,4
2793,2
2793,1
4294967294,113
4294967294,451
4294967278,273
4294967278,207
4294967279,208
4294967278,206
4294967279,206
2783,6
2783,5
2783,4
2783,3
2783,2
2783,1
4294967294,108
4294967294,455
2780,5
2780,4
2780,3
2780,2
2780,1
4294967279,158
4294967278,259
2779,5
2779,4
2779,2
2779,1
4294967279,147
2777,6
4294967278,138
2777,5
2777,4
4294967279,137
2777,3
2777,2
2777,1
2775,5
2775,4
2775,3
2775,2
2775,1
2774,4
2774,3
2774,2
2774,1
2773,5
2773,4
2773,3
2773,2
2773,1
2772,4
2772,3
2772,2
2772,1
2771,4
2771,3
2771,2
2771,1
4294967278,244
2770,6
4294967294,450
4294967294,463
4294967294,407
4294967294,175
2770,5
2770,4
2770,3
2770,2
2770,1
2769,4
2769,3
2769,2
2769,1
4294967279,235
4294967279,231
4294967279,233
4294967278,231
2768,5
4294967294,1069
4294967294,163
2768,4
4294967279,227
2768,3
2768,2
2768,1
2767,4
2767,3
2767,2
2767,1
4294967279,420
4294967278,289
4294967279,398
4294967279,418
2766,8
2766,7
2766,6
2766,5
2766,4
2766,2
2766,1
4294967279,272
4294967294,458
4294967278,406
2756,6
2756,5
2756,4
2756,3
2756,2
2756,1
2753,5
2753,4
2753,3
2753,2
2753,1
4294967294,1085
4294967294,420
2752,5
2752,4
2752,2
2752,1
4294967294,464
4294967294,400
2750,6
2750,5
2750,4
2750,3
2750,2
2750,1
2748,5
2748,4
2748,3
2748,2
2748,1
4294967278,447
2747,4
2747,3
2747,2
2747,1
2746,5
2746,4
2746,3
2746,2
2746,1
2745,4
2745,3
2745,2
2745,1
2744,4
2744,3
2744,2
2744,1
2743,6
2743,5
2743,4
2743,3
2743,2
2743,1
2742,4
2742,3
2742,2
2742,1
2741,5
2741,4
2741,3
2741,2
2741,1
4294967279,384
4294967279,207
4294967278,204
2740,4
2740,3
2740,2
2740,1
4294967279,300
4294967278,275
4294967278,346
4294967279,289
2739,8
2739,7
2739,6
2739,5
2739,4
2739,2
2739,1
4294967279,299
4294967279,282
4294967294,461
4294967279,297
4294967278,372
2729,6
2729,5
2729,4
2729,3
2729,2
2729,1
2726,5
2726,4
2726,3
2726,2
2726,1
4294967278,314
2725,5
2725,4
2725,2
2725,1
2723,6
2723,5
2723,4
4294967279,451
2723,3
2723,2
2723,1
4294967294,386
2721,5
2721,4
2721,3
2721,2
2721,1
2720,4
2720,3
2720,2
2720,1
2719,5
2719,4
2719,3
2719,2
2719,1
2718,4
2718,3
2718,2
2718,1
2717,4
2717,3
2717,2
2717,1
2716,6
4294967279,205
2716,5
4294967279,203
2716,4
2716,3
2716,2
2716,1
2715,4
2715,3
2715,2
2715,1
2714,5
2714,4
2714,3
2714,2
2714,1
2713,4
2713,3
2713,2
2713,1
4294967278,228
4294967294,162
4294967278,441
4294967278,444
4294967278,292
4294967279,499
4294967279,493
4294967279,417
4294967279,274
4294967279,509
0,5
4294967279,287
2712,8
2712,7
2712,6
2712,5
2712,4
2712,2
2712,1
4294967278,301
4294967278,300
4294967294,1057
4294967278,298
4294967278,203
4294967279,443
2702,6
2702,5
2702,4
2702,3
2702,2
2702,1
4294967278,411
2699,5
2699,4
2699,3
2699,2
2699,1
4294967278,359
4294967278,291
4294967279,442
2698,5
2698,4
2698,2
2698,1
4294967294,1076
4294967279,453
4294967279,254
4294967278,252
2696,6
2696,5
2696,4
2696,3
2696,2
2696,1
4294967279,441
4294967278,288
2694,5
2694,4
2694,3
2694,2
2694,1
2693,4
2693,3
2693,2
2693,1
2692,5
2692,4
2692,3
2692,2
2692,1
4294967279,202
2691,4
2691,3
2691,2
2691,1
4294967278,287
2690,4
2690,3
2690,2
2690,1
2689,6
2689,5
2689,4
2689,3
2689,2
2689,1
2688,4
2688,3
2688,2
2688,1
4294967294,456
4294967294,170
4294967294,1068
2687,5
2687,4
2687,3
2687,2
2687,1
2686,4
2686,3
2686,2
2686,1
4294967278,319
4294967278,412
4294967278,405
4294967278,222
4294967279,437
2685,8
2685,7
2685,6
2685,5
2685,4
2685,2
2685,1
4294967278,388
4294967294,418
4294967294,189
4294967278,281
4294967279,432
2675,6
2675,5
2675,4
2675,3
2675,2
2675,1
4294967294,391
4294967278,264
2672,5
2672,4
2672,3
2672,2
2672,1
4294967279,454
4294967279,304
4294967278,286
4294967278,253
2671,5
2671,4
2671,2
2671,1
2669,6
2669,5
2669,4
2669,3
2669,2
2669,1
4294967278,276
4294967278,202
2667,5
2667,4
2667,3
2667,2
2667,1
2666,4
2666,3
2666,2
2666,1
4294967294,118
4294967279,191
2665,5
2665,4
2665,3
2665,2
2665,1
2664,4
2664,3
2664,2
2664,1
2663,4
2663,3
2663,2
2663,1
2662,6
2662,5
2662,4
2662,3
2662,2
2662,1
2661,4
2661,3
2661,2
2661,1
2660,5
4294967279,168
2660,4
2660,3
2660,2
2660,1
4294967279,413
2659,4
2659,3
2659,2
2659,1
4294967278,137
4294967279,481
4294967294,50
4294967278,274
4294967278,400
4294967278,304
4294967278,397
4294967278,398
4294967279,408
4294967279,494
4294967279,410
4294967279,392
2658,8
2658,7
2658,6
2658,5
2658,4
2658,2
2658,1
4294967294,1081
4294967294,1156
4294967278,446
4294967278,445
4294967278,381
4294967279,388
4294967278,144
4294967279,452
4294967279,283
4294967278,263
2648,6
2648,5
4294967278,262
2648,4
2648,3
2648,2
2648,1
4294967294,182
4294967278,389
2645,5
2645,4
2645,3
2645,2
2645,1
4294967294,184
4294967294,112
4294967278,221
2644,5
2644,4
2644,2
2644,1
2642,6
2642,5
2642,4
2642,3
2642,2
2642,1
4294967278,440
2640,5
2640,4
2640,3
2640,2
2640,1
2639,4
2639,3
2639,2
2639,1
2638,5
2638,4
2638,3
2638,2
2638,1
4294967278,172
2637,4
2637,3
2637,2
2637,1
4294967279,169
2636,4
4294967278,167
2636,3
2636,2
2636,1
2635,6
2635,5
4294967294,1075
4294967294,1080
4294967294,1153
2635,4
2635,3
2635,2
2635,1
2634,4
4294967278,157
2634,3
2634,2
2634,1
4294967278,438
2633,5
4294967279,153
2633,4
2633,3
2633,2
2633,1
4294967278,437
2632,4
2632,3
2632,2
2632,1
4294967278,392
4294967278,384
4294967278,234
4294967279,461
4294967279,393
4294967279,0
4294967279,391
4294967278,284
2631,8
2631,7
2631,6
2631,5
2631,4
2631,2
2631,1
4294967279,401
4294967279,284
4294967278,380
4294967294,498
4294967294,465
4294967294,164
4294967294,403
4294967278,431
4294967278,363
4294967279,480
4294967278,266
4294967279,266
4294967278,387
2621,6
2621,5
2621,4
2621,3
2621,2
2621,1
2618,5
2618,4
2618,3
2618,2
2618,1
2617,5
2617,4
4294967278,200
2617,2
2617,1
4294967294,497
2615,6
2615,5
2615,4
2615,3
2615,2
2615,1
4294967279,179
4294967294,496
4294967294,1071
4294967278,170
2613,5
2613,4
2613,3
2613,2
2613,1
2612,4
2612,3
2612,2
2612,1
4294967294,495
2611,5
2611,4
2611,3
2611,2
2611,1
2610,4
2610,3
2610,2
2610,1
2609,4
2609,3
2609,2
2609,1
2608,6
2608,5
2608,4
4294967278,146
2608,3
2608,2
2608,1
2607,4
2607,3
2607,2
2607,1
2606,5
2606,4
2606,3
2606,2
2606,1
4294967294,1
4294967294,1163
4294967278,136
2605,4
2605,3
2605,2
2605,1
4294967278,383
4294967294,1154
4294967294,46
4294967294,27
4294967294,460
4294967294,415
4294967294,67
4294967294,43
4294967294,25
4294967294,93
4294967294,95
4294967278,247
4294967294,1166
4294967294,1249
4294967294,92
4294967294,88
4294967293,131
4294967293,130
4294967293,129
4294967293,128
4294967293,127
4294967293,126
4294967293,125
4294967293,124
4294967293,123
4294967293,122
4294967293,121
4294967293,120
4294967293,119
4294967293,118
4294967293,117
4294967293,116
4294967293,115
4294967293,114
4294967293,113
4294967293,112
4294967293,111
4294967293,110
4294967293,109
4294967293,108
4294967293,107
4294967293,106
4294967293,105
4294967293,104
4294967293,103
4294967293,102
4294967293,101
4294967293,100
4294967293,99
4294967293,98
4294967293,97
4294967293,96
4294967293,95
4294967293,94
4294967293,93
4294967293,92
4294967293,91
4294967293,90
4294967293,89
4294967293,87
4294967293,86
4294967293,85
4294967293,84
4294967293,83
4294967293,82
4294967293,81
4294967293,80
4294967293,79
4294967293,78
4294967293,77
4294967293,76
4294967293,75
4294967293,74
4294967293,73
4294967293,72
4294967293,71
4294967293,70
4294967293,69
4294967293,68
4294967293,67
4294967293,66
4294967293,65
4294967293,64
4294967293,63
4294967293,62
4294967293,61
4294967293,60
4294967293,59
4294967293,58
4294967293,57
4294967293,56
4294967293,55
4294967293,54
4294967293,53
4294967293,52
4294967293,51
4294967293,50
4294967293,49
4294967293,48
4294967293,47
4294967293,46
4294967293,45
4294967293,44
4294967293,43
4294967293,42
4294967293,41
4294967293,40
4294967293,39
4294967293,38
4294967293,37
4294967293,36
4294967293,35
4294967293,34
4294967293,33
4294967293,32
4294967293,31
4294967293,30
4294967293,29
4294967293,28
4294967293,27
4294967293,26
4294967293,25
4294967293,24
4294967293,23
4294967293,22
4294967293,21
4294967293,20
4294967293,19
4294967293,18
4294967293,17
4294967293,16
4294967293,15
4294967293,14
4294967293,13
4294967293,12
4294967293,11
4294967293,10
4294967293,9
4294967293,8
4294967293,7
4294967293,6
4294967293,5
4294967293,4
4294967293,3
4294967278,220
4294967278,60
4294967278,58
4294967278,57
4294967278,56
4294967278,51
4294967278,415
4294967278,46
4294967278,38
4294967278,37
4294967278,36
4294967278,34
4294967278,33
4294967278,27
4294967278,25
4294967278,23
4294967278,22
4294967278,15
4294967278,14
4294967278,13
4294967278,12
4294967278,10
4294967278,9
4294967278,7
4294967278,5
4294967278,4
4294967279,131
4294967279,129
4294967279,128
4294967279,127
4294967279,126
4294967279,125
4294967279,123
4294967279,121
4294967279,301
4294967279,120
4294967279,298
4294967279,119
4294967279,118
4294967279,117
4294967279,116
4294967279,113
4294967279,111
4294967279,110
4294967279,109
4294967279,108
4294967279,107
4294967279,106
4294967279,105
4294967279,389
4294967279,103
4294967279,102
4294967279,101
4294967279,100
4294967279,99
4294967279,98
4294967279,92
4294967279,85
4294967279,83
4294967279,82
4294967279,490
4294967294,1432
4294967279,387
2604,8
2604,7
2604,6
2604,5
4294967278,210
2604,4
2604,2
2604,1
4294967279,2
4294967278,430
4294967278,370
4294967278,256
4294967278,428
4294967279,508
4294967278,134
4294967279,270
4294967279,268
4294967279,500
4294967279,262
4294967279,455
4294967279,279
4294967278,257
4294967279,507
4294967278,254
4294967278,248
4294967279,506
4294967278,239
4294967278,237
2594,6
2594,5
2594,4
2594,3
2594,2
2594,1
4294967279,504
4294967279,214
4294967278,209
4294967278,208
4294967278,205
2591,5
2591,4
2591,3
2591,2
2591,1
4294967279,502
4294967279,187
4294967279,189
2590,5
2590,4
2590,2
2590,1
2588,6
2588,5
2588,4
2588,3
2588,2
2588,1
4294967279,159
4294967294,1074
2586,5
2586,4
2586,3
2586,2
2586,1
2585,4
2585,3
2585,2
2585,1
2584,5
4294967278,147
2584,4
2584,3
2584,2
2584,1
4294967279,146
4294967279,144
2583,4
2583,3
2583,2
2583,1
2582,4
2582,3
2582,2
2582,1
4294967278,377
4294967278,139
2581,6
4294967279,135
2581,5
2581,4
2581,3
2581,2
2581,1
2580,4
2580,3
2580,2
2580,1
4294967278,269
2579,5
2579,4
4294967278,283
2579,3
2579,2
2579,1
4294967279,285
4294967278,265
2578,4
2578,3
2578,2
2578,1
4294967278,423
4294967279,501
4294967279,215
4294967278,307
4294967278,55
4294967278,41
4294967278,39
4294967278,31
4294967278,17
4294967278,376
4294967278,6
4294967279,286
4294967279,88
4294967279,87
4294967279,290
2577,8
2577,7
2577,6
2577,5
2577,4
2577,2
2577,1
4294967294,448
4294967294,459
4294967278,422
4294967279,498
4294967279,497
4294967278,352
4294967279,157
4294967278,245
4294967278,217
2567,6
2567,5
2567,4
2567,3
2567,2
2567,1
4294967279,491
2564,5
2564,4
2564,3
2564,2
2564,1
2563,5
2563,4
2563,2
2563,1
2561,6
2561,5
2561,4
2561,3
2561,2
2561,1
4294967279,148
4294967294,457
4294967278,145
2559,5
4294967294,1431
2559,4
2559,3
2559,2
2559,1
2558,4
2558,3
2558,2
2558,1
2557,5
2557,4
2557,3
2557,2
2557,1
4294967278,270
2556,4
2556,3
2556,2
2556,1
4294967294,490
2555,4
2555,3
2555,2
2555,1
2554,6
2554,5
4294967279,261
4294967278,280
2554,4
4294967279,259
2554,3
2554,2
2554,1
2553,4
2553,3
2553,2
2553,1
4294967279,407
2552,5
4294967278,345
2552,4
2552,3
2552,2
2552,1
4294967278,344
2551,4
2551,3
2551,2
2551,1
4294967294,1429
4294967278,327
4294967294,169
4294967294,494
4294967278,368
4294967278,267
4294967278,442
4294967279,124
4294967279,122
4294967279,195
4294967278,410
2550,8
2550,7
2550,6
2550,5
4294967279,181
2550,4
2550,2
2550,1
4294967278,403
4294967279,489
4294967279,488
4294967278,148
4294967279,487
4294967278,331
4294967279,485
4294967278,133
4294967294,404
4294967279,503
4294967279,247
4294967279,484
4294967279,197
4294967278,394
4294967279,194
2540,6
2540,5
2540,4
2540,3
2540,2
2540,1
4294967278,374
4294967294,1155
2537,5
2537,4
2537,3
2537,2
2537,1
4294967278,329
4294967278,161
4294967279,483
4294967278,159
2536,5
2536,4
2536,2
2536,1
4294967278,152
4294967294,178
4294967294,385
4294967294,419
4294967294,119
4294967294,483
4294967279,150
4294967278,149
2534,6
